b=21.0654*exp(-14);
c=3+2*i;